0.000000000000000000e+00
4.960299999999999727e+02
4.790099999999999909e+02
4.619900000000000091e+02
4.449700000000000273e+02
4.279499999999999886e+02
4.109300000000000068e+02
3.939100000000000250e+02
3.768799999999999955e+02
3.598600000000000136e+02
3.428399999999999750e+02
3.258199999999999932e+02
3.088000000000000114e+02
2.917799999999999727e+02
2.747599999999999909e+02
2.577400000000000091e+02
2.407199999999999989e+02
2.236999999999999886e+02
2.066800000000000068e+02
1.896599999999999966e+02
1.726399999999999864e+02
1.556200000000000045e+02
1.385900000000000034e+02
1.215699999999999932e+02
1.045499999999999972e+02
8.753000000000000114e+01
7.051000000000000512e+01
5.349000000000000199e+01
3.646999999999999886e+01
1.944999999999999929e+01
2.430000000000000160e+00
-1.458999999999999986e+01
-3.160999999999999943e+01
-4.863000000000000256e+01
-6.565000000000000568e+01
-8.268000000000000682e+01
-9.970000000000000284e+01
-1.167199999999999989e+02
-1.337400000000000091e+02
-1.507599999999999909e+02
-1.677800000000000011e+02
-1.848000000000000114e+02
-2.018199999999999932e+02
-2.188400000000000034e+02
-2.358600000000000136e+02
-2.528799999999999955e+02
-2.698999999999999773e+02
-2.869200000000000159e+02
-3.039499999999999886e+02
-3.209700000000000273e+02
-3.379900000000000091e+02
-3.550099999999999909e+02
-3.720299999999999727e+02
-3.890500000000000114e+02
-4.060699999999999932e+02
-4.230899999999999750e+02
-4.401100000000000136e+02
-4.571299999999999955e+02
-4.741499999999999773e+02
-4.911700000000000159e+02
-5.043999999999999773e+02
1.944700000000000045e+03
1.944700000000000045e+03
1.944750000000000000e+03
1.944750000000000000e+03
0.000000000000000000e+00
0.000000000000000000e+00
0.000000000000000000e+00
4.992300000000000182e+02
4.822099999999999795e+02
4.651899999999999977e+02
4.481700000000000159e+02
4.311499999999999773e+02
4.141299999999999955e+02
3.971100000000000136e+02
3.800899999999999750e+02
3.630699999999999932e+02
3.460500000000000114e+02
3.290299999999999727e+02
3.120099999999999909e+02
2.949900000000000091e+02
2.779599999999999795e+02
2.609399999999999977e+02
2.439199999999999875e+02
2.269000000000000057e+02
2.098799999999999955e+02
1.928600000000000136e+02
1.758400000000000034e+02
1.588199999999999932e+02
1.418000000000000114e+02
1.247800000000000011e+02
1.077600000000000051e+02
9.073999999999999488e+01
7.371999999999999886e+01
5.670000000000000284e+01
3.967000000000000171e+01
2.264999999999999858e+01
5.629999999999999893e+00
-1.139000000000000057e+01
-2.841000000000000014e+01
-4.542999999999999972e+01
-6.245000000000000284e+01
-7.946999999999999886e+01
-9.648999999999999488e+01
-1.135100000000000051e+02
-1.305300000000000011e+02
-1.475500000000000114e+02
-1.645699999999999932e+02
-1.815999999999999943e+02
-1.986200000000000045e+02
-2.156399999999999864e+02
-2.326599999999999966e+02
-2.496800000000000068e+02
-2.666999999999999886e+02
-2.837200000000000273e+02
-3.007400000000000091e+02
-3.177599999999999909e+02
-3.347799999999999727e+02
-3.518000000000000114e+02
-3.688199999999999932e+02
-3.858399999999999750e+02
-4.028700000000000045e+02
-4.198899999999999864e+02
-4.369100000000000250e+02
-4.539300000000000068e+02
-4.709499999999999886e+02
-4.879700000000000273e+02
-5.049900000000000091e+02
1.945410000000000082e+03
1.945410000000000082e+03
1.945279999999999973e+03
1.945279999999999973e+03
0.000000000000000000e+00
0.000000000000000000e+00
0.000000000000000000e+00
5.014599999999999795e+02
4.844399999999999977e+02
4.674200000000000159e+02
4.503999999999999773e+02
4.333799999999999955e+02
4.163600000000000136e+02
3.993399999999999750e+02
3.823199999999999932e+02
3.653000000000000114e+02
3.482799999999999727e+02
3.312599999999999909e+02
3.142400000000000091e+02
2.972200000000000273e+02
2.801899999999999977e+02
2.631700000000000159e+02
2.461500000000000057e+02
2.291299999999999955e+02
2.121100000000000136e+02
1.950900000000000034e+02
1.780699999999999932e+02
1.610500000000000114e+02
1.440300000000000011e+02
1.270100000000000051e+02
1.099899999999999949e+02
9.296999999999999886e+01
7.595000000000000284e+01
5.892999999999999972e+01
4.189999999999999858e+01
2.487999999999999901e+01
7.860000000000000320e+00
-9.160000000000000142e+00
-2.617999999999999972e+01
-4.320000000000000284e+01
-6.021999999999999886e+01
-7.723999999999999488e+01
-9.426000000000000512e+01
-1.112800000000000011e+02
-1.283000000000000114e+02
-1.453199999999999932e+02
-1.623400000000000034e+02
-1.793700000000000045e+02
-1.963899999999999864e+02
-2.134099999999999966e+02
-2.304300000000000068e+02
-2.474499999999999886e+02
-2.644700000000000273e+02
-2.814900000000000091e+02
-2.985099999999999909e+02
-3.155299999999999727e+02
-3.325500000000000114e+02
-3.495699999999999932e+02
-3.665899999999999750e+02
-3.836100000000000136e+02
-4.006399999999999864e+02
-4.176600000000000250e+02
-4.346800000000000068e+02
-4.516999999999999886e+02
-4.687200000000000273e+02
-4.857400000000000091e+02
-5.027599999999999909e+02
1.945319999999999936e+03
1.945319999999999936e+03
1.945460000000000036e+03
1.945460000000000036e+03
0.000000000000000000e+00
0.000000000000000000e+00
0.000000000000000000e+00
4.995899999999999750e+02
4.825699999999999932e+02
4.655500000000000114e+02
4.485299999999999727e+02
4.315099999999999909e+02
4.144900000000000091e+02
3.974700000000000273e+02
3.804499999999999886e+02
3.634300000000000068e+02
3.464100000000000250e+02
3.293899999999999864e+02
3.123700000000000045e+02
2.953500000000000227e+02
2.783199999999999932e+02
2.613000000000000114e+02
2.442800000000000011e+02
2.272599999999999909e+02
2.102400000000000091e+02
1.932199999999999989e+02
1.761999999999999886e+02
1.591800000000000068e+02
1.421599999999999966e+02
1.251400000000000006e+02
1.081200000000000045e+02
9.109999999999999432e+01
7.407999999999999829e+01
5.706000000000000227e+01
4.003000000000000114e+01
2.301000000000000156e+01
5.990000000000000213e+00
-1.102999999999999936e+01
-2.805000000000000071e+01
-4.507000000000000028e+01
-6.209000000000000341e+01
-7.910999999999999943e+01
-9.612999999999999545e+01
-1.131500000000000057e+02
-1.301699999999999875e+02
-1.471899999999999977e+02
-1.642100000000000080e+02
-1.812400000000000091e+02
-1.982599999999999909e+02
-2.152800000000000011e+02
-2.323000000000000114e+02
-2.493199999999999932e+02
-2.663399999999999750e+02
-2.833600000000000136e+02
-3.003799999999999955e+02
-3.173999999999999773e+02
-3.344200000000000159e+02
-3.514399999999999977e+02
-3.684599999999999795e+02
-3.854800000000000182e+02
-4.025099999999999909e+02
-4.195299999999999727e+02
-4.365500000000000114e+02
-4.535699999999999932e+02
-4.705899999999999750e+02
-4.876100000000000136e+02
-5.046299999999999955e+02
1.944910000000000082e+03
1.944910000000000082e+03
1.944869999999999891e+03
1.944869999999999891e+03
0.000000000000000000e+00
0.000000000000000000e+00
0.000000000000000000e+00
4.977799999999999727e+02
4.805099999999999909e+02
4.634900000000000091e+02
4.464700000000000273e+02
4.294499999999999886e+02
4.124300000000000068e+02
3.954100000000000250e+02
3.783899999999999864e+02
3.613700000000000045e+02
3.443500000000000227e+02
3.273299999999999841e+02
3.103100000000000023e+02
2.932900000000000205e+02
2.762599999999999909e+02
2.592400000000000091e+02
2.422199999999999989e+02
2.251999999999999886e+02
2.083000000000000114e+02
1.912800000000000011e+02
1.742599999999999909e+02
1.572400000000000091e+02
1.402199999999999989e+02
1.232000000000000028e+02
1.061800000000000068e+02
8.915999999999999659e+01
7.214000000000000057e+01
5.510999999999999943e+01
3.809000000000000341e+01
2.107000000000000028e+01
4.049999999999999822e+00
-1.297000000000000064e+01
-2.998999999999999844e+01
-4.700999999999999801e+01
-6.403000000000000114e+01
-8.104999999999999716e+01
-9.806999999999999318e+01
-1.150900000000000034e+02
-1.321100000000000136e+02
-1.491299999999999955e+02
-1.661500000000000057e+02
-1.831800000000000068e+02
-2.001999999999999886e+02
-2.172199999999999989e+02
-2.342400000000000091e+02
-2.512599999999999909e+02
-2.682799999999999727e+02
-2.853000000000000114e+02
-3.023199999999999932e+02
-3.193399999999999750e+02
-3.363600000000000136e+02
-3.533799999999999955e+02
-3.703999999999999773e+02
-3.872900000000000205e+02
-4.043199999999999932e+02
-4.213399999999999750e+02
-4.383600000000000136e+02
-4.553799999999999955e+02
-4.723999999999999773e+02
-4.894200000000000159e+02
-5.064399999999999977e+02
1.945180000000000064e+03
1.945180000000000064e+03
1.945140000000000100e+03
1.945140000000000100e+03
0.000000000000000000e+00
0.000000000000000000e+00
0.000000000000000000e+00
4.988999999999999773e+02
4.818799999999999955e+02
4.648600000000000136e+02
4.478399999999999750e+02
4.308199999999999932e+02
4.138000000000000114e+02
3.967799999999999727e+02
3.797599999999999909e+02
3.627400000000000091e+02
3.457200000000000273e+02
3.286999999999999886e+02
3.116800000000000068e+02
2.946600000000000250e+02
2.776299999999999955e+02
2.606100000000000136e+02
2.435900000000000034e+02
2.265699999999999932e+02
2.095500000000000114e+02
1.925300000000000011e+02
1.755099999999999909e+02
1.584900000000000091e+02
1.414699999999999989e+02
1.244500000000000028e+02
1.074300000000000068e+02
9.040999999999999659e+01
7.339000000000000057e+01
5.636999999999999744e+01
3.934000000000000341e+01
2.232000000000000028e+01
5.299999999999999822e+00
-1.172000000000000064e+01
-2.873999999999999844e+01
-4.575999999999999801e+01
-6.278000000000000114e+01
-7.979999999999999716e+01
-9.681999999999999318e+01
-1.138400000000000034e+02
-1.308600000000000136e+02
-1.478799999999999955e+02
-1.649000000000000057e+02
-1.819300000000000068e+02
-1.989499999999999886e+02
-2.159699999999999989e+02
-2.329900000000000091e+02
-2.500099999999999909e+02
-2.670299999999999727e+02
-2.840500000000000114e+02
-3.010699999999999932e+02
-3.180899999999999750e+02
-3.351100000000000136e+02
-3.521299999999999955e+02
-3.691499999999999773e+02
-3.861700000000000159e+02
-4.031999999999999886e+02
-4.202200000000000273e+02
-4.372400000000000091e+02
-4.542599999999999909e+02
-4.712799999999999727e+02
-4.883000000000000114e+02
-5.053199999999999932e+02
1.944539999999999964e+03
1.944539999999999964e+03
1.944609999999999900e+03
1.944609999999999900e+03
0.000000000000000000e+00
0.000000000000000000e+00
0.000000000000000000e+00
4.984200000000000159e+02
4.813999999999999773e+02
4.643799999999999955e+02
4.473600000000000136e+02
4.303399999999999750e+02
4.133199999999999932e+02
3.963000000000000114e+02
3.792799999999999727e+02
3.622599999999999909e+02
3.452400000000000091e+02
3.282200000000000273e+02
3.111999999999999886e+02
2.941800000000000068e+02
2.771499999999999773e+02
2.601299999999999955e+02
2.431100000000000136e+02
2.260900000000000034e+02
2.090699999999999932e+02
1.920500000000000114e+02
1.750300000000000011e+02
1.580099999999999909e+02
1.409900000000000091e+02
1.239699999999999989e+02
1.069500000000000028e+02
8.993000000000000682e+01
7.290999999999999659e+01
5.589000000000000057e+01
3.885999999999999943e+01
2.183999999999999986e+01
4.820000000000000284e+00
-1.219999999999999929e+01
-2.921999999999999886e+01
-4.624000000000000199e+01
-6.325999999999999801e+01
-8.028000000000000114e+01
-9.729999999999999716e+01
-1.143199999999999932e+02
-1.313400000000000034e+02
-1.483600000000000136e+02
-1.653799999999999955e+02
-1.824099999999999966e+02
-1.994300000000000068e+02
-2.164499999999999886e+02
-2.334699999999999989e+02
-2.504900000000000091e+02
-2.675099999999999909e+02
-2.845299999999999727e+02
-3.015500000000000114e+02
-3.185699999999999932e+02
-3.355899999999999750e+02
-3.526100000000000136e+02
-3.696299999999999955e+02
-3.866499999999999773e+02
-4.036800000000000068e+02
-4.206999999999999886e+02
-4.377200000000000273e+02
-4.547400000000000091e+02
-4.717599999999999909e+02
-4.887799999999999727e+02
-5.058000000000000114e+02
1.945180000000000064e+03
1.945180000000000064e+03
1.945019999999999982e+03
1.945019999999999982e+03
0.000000000000000000e+00
0.000000000000000000e+00
0.000000000000000000e+00
4.996000000000000227e+02
4.825799999999999841e+02
4.655600000000000023e+02
4.485400000000000205e+02
4.315199999999999818e+02
4.145000000000000000e+02
3.974800000000000182e+02
3.804599999999999795e+02
3.634399999999999977e+02
3.464200000000000159e+02
3.293999999999999773e+02
3.123799999999999955e+02
2.953600000000000136e+02
2.783299999999999841e+02
2.613100000000000023e+02
2.442899999999999920e+02
2.272700000000000102e+02
2.102500000000000000e+02
1.932299999999999898e+02
1.762100000000000080e+02
1.591899999999999977e+02
1.421699999999999875e+02
1.251500000000000057e+02
1.081299999999999955e+02
9.110999999999999943e+01
7.409000000000000341e+01
5.707000000000000028e+01
4.003999999999999915e+01
2.301999999999999957e+01
6.000000000000000000e+00
-1.101999999999999957e+01
-2.803999999999999915e+01
-4.506000000000000227e+01
-6.207999999999999829e+01
-7.909999999999999432e+01
-9.612000000000000455e+01
-1.131400000000000006e+02
-1.301599999999999966e+02
-1.471800000000000068e+02
-1.641999999999999886e+02
-1.812299999999999898e+02
-1.982500000000000000e+02
-2.152700000000000102e+02
-2.322899999999999920e+02
-2.493100000000000023e+02
-2.663299999999999841e+02
-2.833500000000000227e+02
-3.003700000000000045e+02
-3.173899999999999864e+02
-3.344100000000000250e+02
-3.514300000000000068e+02
-3.684499999999999886e+02
-3.854700000000000273e+02
-4.025000000000000000e+02
-4.195199999999999818e+02
-4.365400000000000205e+02
-4.535600000000000023e+02
-4.705799999999999841e+02
-4.876000000000000227e+02
-5.046200000000000045e+02
1.944680000000000064e+03
1.944680000000000064e+03
1.944670000000000073e+03
1.944670000000000073e+03
0.000000000000000000e+00
0.000000000000000000e+00
0.000000000000000000e+00
5.001299999999999955e+02
4.831100000000000136e+02
4.660899999999999750e+02
4.490699999999999932e+02
4.320500000000000114e+02
4.150299999999999727e+02
3.980099999999999909e+02
3.809900000000000091e+02
3.639700000000000273e+02
3.469499999999999886e+02
3.299300000000000068e+02
3.129100000000000250e+02
2.958899999999999864e+02
2.788600000000000136e+02
2.618399999999999750e+02
2.448199999999999932e+02
2.278000000000000114e+02
2.107800000000000011e+02
1.937599999999999909e+02
1.767400000000000091e+02
1.597199999999999989e+02
1.426999999999999886e+02
1.256800000000000068e+02
1.086599999999999966e+02
9.164000000000000057e+01
7.462000000000000455e+01
5.760000000000000142e+01
4.057000000000000028e+01
2.355000000000000071e+01
6.530000000000000249e+00
-1.049000000000000021e+01
-2.751000000000000156e+01
-4.453000000000000114e+01
-6.154999999999999716e+01
-7.856999999999999318e+01
-9.559000000000000341e+01
-1.126099999999999994e+02
-1.296299999999999955e+02
-1.466500000000000057e+02
-1.636699999999999875e+02
-1.806999999999999886e+02
-1.977199999999999989e+02
-2.147400000000000091e+02
-2.317599999999999909e+02
-2.487800000000000011e+02
-2.658000000000000114e+02
-2.828199999999999932e+02
-2.998399999999999750e+02
-3.168600000000000136e+02
-3.338799999999999955e+02
-3.508999999999999773e+02
-3.679200000000000159e+02
-3.849399999999999977e+02
-4.019700000000000273e+02
-4.189900000000000091e+02
-4.360099999999999909e+02
-4.530299999999999727e+02
-4.700500000000000114e+02
-4.870699999999999932e+02
-5.040899999999999750e+02
1.945160000000000082e+03
1.945160000000000082e+03
1.945089999999999918e+03
1.945089999999999918e+03
0.000000000000000000e+00
0.000000000000000000e+00
0.000000000000000000e+00
5.026999999999999886e+02
4.856800000000000068e+02
4.686600000000000250e+02
4.516399999999999864e+02
4.346200000000000045e+02
4.176000000000000227e+02
4.005799999999999841e+02
3.835600000000000023e+02
3.665400000000000205e+02
3.495199999999999818e+02
3.325000000000000000e+02
3.154800000000000182e+02
2.984599999999999795e+02
2.814300000000000068e+02
2.644100000000000250e+02
2.473899999999999864e+02
2.303700000000000045e+02
2.133499999999999943e+02
1.963300000000000125e+02
1.793100000000000023e+02
1.622899999999999920e+02
1.452700000000000102e+02
1.282500000000000000e+02
1.112300000000000040e+02
9.420999999999999375e+01
7.718999999999999773e+01
6.017000000000000171e+01
4.314000000000000057e+01
2.612000000000000099e+01
9.099999999999999645e+00
-7.919999999999999929e+00
-2.494000000000000128e+01
-4.196000000000000085e+01
-5.897999999999999687e+01
-7.600000000000000000e+01
-9.301999999999999602e+01
-1.100400000000000063e+02
-1.270600000000000023e+02
-1.440800000000000125e+02
-1.610999999999999943e+02
-1.781299999999999955e+02
-1.951500000000000057e+02
-2.121699999999999875e+02
-2.291899999999999977e+02
-2.462100000000000080e+02
-2.632300000000000182e+02
-2.802500000000000000e+02
-2.972699999999999818e+02
-3.142900000000000205e+02
-3.313100000000000023e+02
-3.483299999999999841e+02
-3.653500000000000227e+02
-3.823700000000000045e+02
-3.993999999999999773e+02
-4.164200000000000159e+02
-4.334399999999999977e+02
-4.504599999999999795e+02
-4.674800000000000182e+02
-4.845000000000000000e+02
-5.015199999999999818e+02
1.945960000000000036e+03
1.945960000000000036e+03
1.946210000000000036e+03
1.946210000000000036e+03
0.000000000000000000e+00
0.000000000000000000e+00
0.000000000000000000e+00
5.040899999999999750e+02
4.870699999999999932e+02
4.700500000000000114e+02
4.530299999999999727e+02
4.360099999999999909e+02
4.189900000000000091e+02
4.019700000000000273e+02
3.849499999999999886e+02
3.679300000000000068e+02
3.509100000000000250e+02
3.338899999999999864e+02
3.168700000000000045e+02
2.998500000000000227e+02
2.828199999999999932e+02
2.658000000000000114e+02
2.487800000000000011e+02
2.317599999999999909e+02
2.147400000000000091e+02
1.977199999999999989e+02
1.806999999999999886e+02
1.636800000000000068e+02
1.466599999999999966e+02
1.296399999999999864e+02
1.126200000000000045e+02
9.559999999999999432e+01
7.857999999999999829e+01
6.156000000000000227e+01
4.453000000000000114e+01
2.751000000000000156e+01
1.049000000000000021e+01
-6.530000000000000249e+00
-2.355000000000000071e+01
-4.057000000000000028e+01
-5.759000000000000341e+01
-7.460999999999999943e+01
-9.162999999999999545e+01
-1.086500000000000057e+02
-1.256700000000000017e+02
-1.426899999999999977e+02
-1.597100000000000080e+02
-1.767400000000000091e+02
-1.937599999999999909e+02
-2.107800000000000011e+02
-2.278000000000000114e+02
-2.448199999999999932e+02
-2.618399999999999750e+02
-2.788600000000000136e+02
-2.958799999999999955e+02
-3.128999999999999773e+02
-3.299200000000000159e+02
-3.469399999999999977e+02
-3.639599999999999795e+02
-3.809800000000000182e+02
-3.980099999999999909e+02
-4.150299999999999727e+02
-4.320500000000000114e+02
-4.490699999999999932e+02
-4.660899999999999750e+02
-4.831100000000000136e+02
-5.001299999999999955e+02
1.946589999999999918e+03
1.946589999999999918e+03
1.946299999999999955e+03
1.946299999999999955e+03
0.000000000000000000e+00
0.000000000000000000e+00
0.000000000000000000e+00
5.017300000000000182e+02
4.847099999999999795e+02
4.676899999999999977e+02
4.506700000000000159e+02
4.336499999999999773e+02
4.166299999999999955e+02
3.996100000000000136e+02
3.825899999999999750e+02
3.655699999999999932e+02
3.485500000000000114e+02
3.315299999999999727e+02
3.145099999999999909e+02
2.974900000000000091e+02
2.804599999999999795e+02
2.634399999999999977e+02
2.464199999999999875e+02
2.294000000000000057e+02
2.123799999999999955e+02
1.953600000000000136e+02
1.783400000000000034e+02
1.613199999999999932e+02
1.443000000000000114e+02
1.272800000000000011e+02
1.102600000000000051e+02
9.323999999999999488e+01
7.621999999999999886e+01
5.920000000000000284e+01
4.217000000000000171e+01
2.514999999999999858e+01
8.130000000000000782e+00
-8.890000000000000568e+00
-2.591000000000000014e+01
-4.292999999999999972e+01
-5.995000000000000284e+01
-7.696999999999999886e+01
-9.398999999999999488e+01
-1.110100000000000051e+02
-1.280300000000000011e+02
-1.450500000000000114e+02
-1.620699999999999932e+02
-1.790999999999999943e+02
-1.961200000000000045e+02
-2.131399999999999864e+02
-2.301599999999999966e+02
-2.471800000000000068e+02
-2.641999999999999886e+02
-2.812200000000000273e+02
-2.982400000000000091e+02
-3.152599999999999909e+02
-3.322799999999999727e+02
-3.493000000000000114e+02
-3.663199999999999932e+02
-3.833399999999999750e+02
-4.003700000000000045e+02
-4.173899999999999864e+02
-4.344100000000000250e+02
-4.514300000000000068e+02
-4.684499999999999886e+02
-4.854700000000000273e+02
-5.024900000000000091e+02
1.949279999999999973e+03
1.949279999999999973e+03
1.949279999999999973e+03
1.949279999999999973e+03
0.000000000000000000e+00
0.000000000000000000e+00
0.000000000000000000e+00
5.020500000000000114e+02
4.850299999999999727e+02
4.680099999999999909e+02
4.509900000000000091e+02
4.339700000000000273e+02
4.169499999999999886e+02
3.999300000000000068e+02
3.829100000000000250e+02
3.658899999999999864e+02
3.488700000000000045e+02
3.318500000000000227e+02
3.148299999999999841e+02
2.978100000000000023e+02
2.807799999999999727e+02
2.637599999999999909e+02
2.467400000000000091e+02
2.297199999999999989e+02
2.126999999999999886e+02
1.956800000000000068e+02
1.786599999999999966e+02
1.616399999999999864e+02
1.446200000000000045e+02
1.275999999999999943e+02
1.105799999999999983e+02
9.356000000000000227e+01
7.654000000000000625e+01
5.950999999999999801e+01
4.249000000000000199e+01
2.546999999999999886e+01
8.449999999999999289e+00
-8.570000000000000284e+00
-2.558999999999999986e+01
-4.260999999999999943e+01
-5.963000000000000256e+01
-7.665000000000000568e+01
-9.367000000000000171e+01
-1.106899999999999977e+02
-1.277099999999999937e+02
-1.447299999999999898e+02
-1.617599999999999909e+02
-1.787800000000000011e+02
-1.958000000000000114e+02
-2.128199999999999932e+02
-2.298400000000000034e+02
-2.468600000000000136e+02
-2.638799999999999955e+02
-2.808999999999999773e+02
-2.979200000000000159e+02
-3.149399999999999977e+02
-3.319599999999999795e+02
-3.489800000000000182e+02
-3.660000000000000000e+02
-3.830199999999999818e+02
-4.000500000000000114e+02
-4.170699999999999932e+02
-4.340899999999999750e+02
-4.511100000000000136e+02
-4.681299999999999955e+02
-4.849200000000000159e+02
-5.019399999999999977e+02
1.945180000000000064e+03
1.945180000000000064e+03
1.945119999999999891e+03
1.945119999999999891e+03
0.000000000000000000e+00
0.000000000000000000e+00
0.000000000000000000e+00
5.000600000000000023e+02
4.830400000000000205e+02
4.660199999999999818e+02
4.490000000000000000e+02
4.319800000000000182e+02
4.149599999999999795e+02
3.979399999999999977e+02
3.809200000000000159e+02
3.638999999999999773e+02
3.468799999999999955e+02
3.298600000000000136e+02
3.128399999999999750e+02
2.958199999999999932e+02
2.787900000000000205e+02
2.617699999999999818e+02
2.447500000000000000e+02
2.277299999999999898e+02
2.107100000000000080e+02
1.936899999999999977e+02
1.766699999999999875e+02
1.596500000000000057e+02
1.426299999999999955e+02
1.256099999999999994e+02
1.085900000000000034e+02
9.156999999999999318e+01
7.454999999999999716e+01
5.753000000000000114e+01
4.050000000000000000e+01
2.348000000000000043e+01
6.459999999999999964e+00
-1.056000000000000050e+01
-2.757999999999999829e+01
-4.460000000000000142e+01
-6.161999999999999744e+01
-7.864000000000000057e+01
-9.565999999999999659e+01
-1.126800000000000068e+02
-1.296999999999999886e+02
-1.467199999999999989e+02
-1.637400000000000091e+02
-1.807700000000000102e+02
-1.977899999999999920e+02
-2.148100000000000023e+02
-2.318300000000000125e+02
-2.488499999999999943e+02
-2.658700000000000045e+02
-2.828899999999999864e+02
-2.999100000000000250e+02
-3.169300000000000068e+02
-3.339499999999999886e+02
-3.509700000000000273e+02
-3.679900000000000091e+02
-3.850099999999999909e+02
-4.020400000000000205e+02
-4.190600000000000023e+02
-4.360799999999999841e+02
-4.531000000000000227e+02
-4.701200000000000045e+02
-4.871399999999999864e+02
-5.041600000000000250e+02
1.945559999999999945e+03
1.945559999999999945e+03
1.945630000000000109e+03
1.945630000000000109e+03
0.000000000000000000e+00
0.000000000000000000e+00
0.000000000000000000e+00
5.023399999999999750e+02
4.853199999999999932e+02
4.683000000000000114e+02
4.512799999999999727e+02
4.342599999999999909e+02
4.172400000000000091e+02
4.002200000000000273e+02
3.831999999999999886e+02
3.661800000000000068e+02
3.491600000000000250e+02
3.321399999999999864e+02
3.151200000000000045e+02
2.981000000000000227e+02
2.810699999999999932e+02
2.640500000000000114e+02
2.470300000000000011e+02
2.300099999999999909e+02
2.129900000000000091e+02
1.959699999999999989e+02
1.789499999999999886e+02
1.619300000000000068e+02
1.449099999999999966e+02
1.278900000000000006e+02
1.108700000000000045e+02
9.384999999999999432e+01
7.682999999999999829e+01
5.979999999999999716e+01
4.278000000000000114e+01
2.576000000000000156e+01
8.740000000000000213e+00
-8.279999999999999361e+00
-2.530000000000000071e+01
-4.232000000000000028e+01
-5.934000000000000341e+01
-7.635999999999999943e+01
-9.337999999999999545e+01
-1.104000000000000057e+02
-1.274200000000000017e+02
-1.444399999999999977e+02
-1.614699999999999989e+02
-1.784900000000000091e+02
-1.955099999999999909e+02
-2.125300000000000011e+02
-2.295500000000000114e+02
-2.465699999999999932e+02
-2.635899999999999750e+02
-2.806100000000000136e+02
-2.976299999999999955e+02
-3.146499999999999773e+02
-3.316700000000000159e+02
-3.486899999999999977e+02
-3.657099999999999795e+02
-3.827400000000000091e+02
-3.997599999999999909e+02
-4.167799999999999727e+02
-4.338000000000000114e+02
-4.503199999999999932e+02
-4.673399999999999750e+02
-4.843600000000000136e+02
-5.015799999999999841e+02
1.946319999999999936e+03
1.946319999999999936e+03
1.946359999999999900e+03
1.946359999999999900e+03
0.000000000000000000e+00
0.000000000000000000e+00
0.000000000000000000e+00
5.044300000000000068e+02
4.873999999999999773e+02
4.703799999999999955e+02
4.533600000000000136e+02
4.363399999999999750e+02
4.193199999999999932e+02
4.023000000000000114e+02
3.852799999999999727e+02
3.682599999999999909e+02
3.512400000000000091e+02
3.342200000000000273e+02
3.171999999999999886e+02
3.001800000000000068e+02
2.831600000000000250e+02
2.661299999999999955e+02
2.491100000000000136e+02
2.320900000000000034e+02
2.150699999999999932e+02
1.980500000000000114e+02
1.810300000000000011e+02
1.640099999999999909e+02
1.469900000000000091e+02
1.299699999999999989e+02
1.129500000000000028e+02
9.593000000000000682e+01
7.890999999999999659e+01
6.189000000000000057e+01
4.485999999999999943e+01
2.783999999999999986e+01
1.082000000000000028e+01
-6.200000000000000178e+00
-2.321999999999999886e+01
-4.024000000000000199e+01
-5.725999999999999801e+01
-7.428000000000000114e+01
-9.129999999999999716e+01
-1.083199999999999932e+02
-1.253400000000000034e+02
-1.423600000000000136e+02
-1.593799999999999955e+02
-1.764099999999999966e+02
-1.934300000000000068e+02
-2.104499999999999886e+02
-2.274699999999999989e+02
-2.444900000000000091e+02
-2.615099999999999909e+02
-2.785299999999999727e+02
-2.955500000000000114e+02
-3.125699999999999932e+02
-3.295899999999999750e+02
-3.466100000000000136e+02
-3.636299999999999955e+02
-3.806499999999999773e+02
-3.976700000000000159e+02
-4.146999999999999886e+02
-4.317200000000000273e+02
-4.487400000000000091e+02
-4.657599999999999909e+02
-4.827799999999999727e+02
-5.001999999999999886e+02
1.949660000000000082e+03
1.949660000000000082e+03
1.949569999999999936e+03
1.949569999999999936e+03
0.000000000000000000e+00
0.000000000000000000e+00
0.000000000000000000e+00
5.062300000000000182e+02
4.892099999999999795e+02
4.721899999999999977e+02
4.551700000000000159e+02
4.381499999999999773e+02
4.211299999999999955e+02
4.041100000000000136e+02
3.870899999999999750e+02
3.700699999999999932e+02
3.530500000000000114e+02
3.360299999999999727e+02
3.190099999999999909e+02
3.019900000000000091e+02
2.849599999999999795e+02
2.679399999999999977e+02
2.509199999999999875e+02
2.339000000000000057e+02
2.168799999999999955e+02
1.998600000000000136e+02
1.828400000000000034e+02
1.658199999999999932e+02
1.488000000000000114e+02
1.317800000000000011e+02
1.147600000000000051e+02
9.773999999999999488e+01
8.071999999999999886e+01
6.370000000000000284e+01
4.667000000000000171e+01
2.964999999999999858e+01
1.263000000000000078e+01
-4.389999999999999680e+00
-2.141000000000000014e+01
-3.842999999999999972e+01
-5.545000000000000284e+01
-7.246999999999999886e+01
-8.948999999999999488e+01
-1.065100000000000051e+02
-1.235300000000000011e+02
-1.405500000000000114e+02
-1.575699999999999932e+02
-1.745999999999999943e+02
-1.916200000000000045e+02
-2.086399999999999864e+02
-2.256599999999999966e+02
-2.426800000000000068e+02
-2.596999999999999886e+02
-2.767200000000000273e+02
-2.937400000000000091e+02
-3.107599999999999909e+02
-3.277799999999999727e+02
-3.448000000000000114e+02
-3.618199999999999932e+02
-3.788399999999999750e+02
-3.958700000000000045e+02
-4.128899999999999864e+02
-4.299100000000000250e+02
-4.469300000000000068e+02
-4.639499999999999886e+02
-4.809700000000000273e+02
-4.979900000000000091e+02
1.949769999999999982e+03
1.949769999999999982e+03
1.949559999999999945e+03
1.949559999999999945e+03
0.000000000000000000e+00
0.000000000000000000e+00
0.000000000000000000e+00
5.027900000000000205e+02
4.857699999999999818e+02
4.687500000000000000e+02
4.517300000000000182e+02
4.347099999999999795e+02
4.176899999999999977e+02
4.006700000000000159e+02
3.836499999999999773e+02
3.666299999999999955e+02
3.496100000000000136e+02
3.325899999999999750e+02
3.155699999999999932e+02
2.985500000000000114e+02
2.815199999999999818e+02
2.645000000000000000e+02
2.474799999999999898e+02
2.304600000000000080e+02
2.134399999999999977e+02
1.964199999999999875e+02
1.794000000000000057e+02
1.623799999999999955e+02
1.453600000000000136e+02
1.283400000000000034e+02
1.113199999999999932e+02
9.429999999999999716e+01
7.728000000000000114e+01
6.025999999999999801e+01
4.322999999999999687e+01
2.621000000000000085e+01
9.189999999999999503e+00
-7.830000000000000071e+00
-2.485000000000000142e+01
-4.186999999999999744e+01
-5.889000000000000057e+01
-7.590999999999999659e+01
-9.293000000000000682e+01
-1.099500000000000028e+02
-1.269699999999999989e+02
-1.439900000000000091e+02
-1.610099999999999909e+02
-1.780399999999999920e+02
-1.950600000000000023e+02
-2.120800000000000125e+02
-2.290999999999999943e+02
-2.461200000000000045e+02
-2.631399999999999864e+02
-2.801600000000000250e+02
-2.971800000000000068e+02
-3.141999999999999886e+02
-3.312200000000000273e+02
-3.482400000000000091e+02
-3.652599999999999909e+02
-3.822799999999999727e+02
-3.993100000000000023e+02
-4.163299999999999841e+02
-4.333500000000000227e+02
-4.503700000000000045e+02
-4.673899999999999864e+02
-4.844100000000000250e+02
-5.014300000000000068e+02
1.945640000000000100e+03
1.945640000000000100e+03
1.945569999999999936e+03
1.945569999999999936e+03
0.000000000000000000e+00
0.000000000000000000e+00
0.000000000000000000e+00
5.020899999999999750e+02
4.850699999999999932e+02
4.680400000000000205e+02
4.510199999999999818e+02
4.340000000000000000e+02
4.169800000000000182e+02
3.999599999999999795e+02
3.829399999999999977e+02
3.659200000000000159e+02
3.488999999999999773e+02
3.318799999999999955e+02
3.148600000000000136e+02
2.978399999999999750e+02
2.808199999999999932e+02
2.638000000000000114e+02
2.467700000000000102e+02
2.297500000000000000e+02
2.127299999999999898e+02
1.957100000000000080e+02
1.786899999999999977e+02
1.616699999999999875e+02
1.446500000000000057e+02
1.276299999999999955e+02
1.106099999999999994e+02
9.359000000000000341e+01
7.656999999999999318e+01
5.954999999999999716e+01
4.253000000000000114e+01
2.550000000000000000e+01
8.480000000000000426e+00
-8.539999999999999147e+00
-2.555999999999999872e+01
-4.257999999999999829e+01
-5.960000000000000142e+01
-7.662000000000000455e+01
-9.364000000000000057e+01
-1.106599999999999966e+02
-1.276800000000000068e+02
-1.446999999999999886e+02
-1.617199999999999989e+02
-1.787400000000000091e+02
-1.957700000000000102e+02
-2.127899999999999920e+02
-2.298100000000000023e+02
-2.468300000000000125e+02
-2.638500000000000227e+02
-2.808700000000000045e+02
-2.978899999999999864e+02
-3.149100000000000250e+02
-3.319300000000000068e+02
-3.489499999999999886e+02
-3.659700000000000273e+02
-3.829900000000000091e+02
-4.000099999999999909e+02
-4.170299999999999727e+02
-4.340600000000000023e+02
-4.510799999999999841e+02
-4.681000000000000227e+02
-4.851200000000000045e+02
-5.031399999999999864e+02
1.946180000000000064e+03
1.946180000000000064e+03
1.946220000000000027e+03
1.946220000000000027e+03
0.000000000000000000e+00
0.000000000000000000e+00
0.000000000000000000e+00
5.044200000000000159e+02
4.873899999999999864e+02
4.703700000000000045e+02
4.533500000000000227e+02
4.363299999999999841e+02
4.193100000000000023e+02
4.022900000000000205e+02
3.852699999999999818e+02
3.682500000000000000e+02
3.512300000000000182e+02
3.342099999999999795e+02
3.171899999999999977e+02
3.001700000000000159e+02
2.831499999999999773e+02
2.661299999999999955e+02
2.490999999999999943e+02
2.320800000000000125e+02
2.150600000000000023e+02
1.980399999999999920e+02
1.810200000000000102e+02
1.640000000000000000e+02
1.469799999999999898e+02
1.299600000000000080e+02
1.129399999999999977e+02
9.592000000000000171e+01
7.890000000000000568e+01
6.188000000000000256e+01
4.485999999999999943e+01
2.782999999999999829e+01
1.081000000000000050e+01
-6.209999999999999964e+00
-2.323000000000000043e+01
-4.025000000000000000e+01
-5.727000000000000313e+01
-7.429000000000000625e+01
-9.131000000000000227e+01
-1.083299999999999983e+02
-1.253499999999999943e+02
-1.423700000000000045e+02
-1.593899999999999864e+02
-1.764099999999999966e+02
-1.934399999999999977e+02
-2.104600000000000080e+02
-2.274799999999999898e+02
-2.445000000000000000e+02
-2.615199999999999818e+02
-2.785400000000000205e+02
-2.955600000000000023e+02
-3.125799999999999841e+02
-3.296000000000000227e+02
-3.466200000000000045e+02
-3.636399999999999864e+02
-3.806600000000000250e+02
-3.976800000000000068e+02
-4.147099999999999795e+02
-4.317300000000000182e+02
-4.487500000000000000e+02
-4.657699999999999818e+02
-4.827900000000000205e+02
-5.005099999999999909e+02
1.948630000000000109e+03
1.948630000000000109e+03
1.948630000000000109e+03
1.948630000000000109e+03
0.000000000000000000e+00
0.000000000000000000e+00
0.000000000000000000e+00
5.057200000000000273e+02
4.886999999999999886e+02
4.716800000000000068e+02
4.546600000000000250e+02
4.376399999999999864e+02
4.206200000000000045e+02
4.036000000000000227e+02
3.865799999999999841e+02
3.695600000000000023e+02
3.525400000000000205e+02
3.355199999999999818e+02
3.185000000000000000e+02
3.014800000000000182e+02
2.844499999999999886e+02
2.674300000000000068e+02
2.504099999999999966e+02
2.333899999999999864e+02
2.163700000000000045e+02
1.993499999999999943e+02
1.823300000000000125e+02
1.653100000000000023e+02
1.482899999999999920e+02
1.312700000000000102e+02
1.142500000000000000e+02
9.723000000000000398e+01
8.020999999999999375e+01
6.318999999999999773e+01
4.615999999999999659e+01
2.914000000000000057e+01
1.211999999999999922e+01
-4.900000000000000355e+00
-2.192000000000000171e+01
-3.893999999999999773e+01
-5.596000000000000085e+01
-7.298000000000000398e+01
-9.000000000000000000e+01
-1.070199999999999960e+02
-1.240400000000000063e+02
-1.410600000000000023e+02
-1.580800000000000125e+02
-1.751100000000000136e+02
-1.921299999999999955e+02
-2.091500000000000057e+02
-2.261699999999999875e+02
-2.431899999999999977e+02
-2.602099999999999795e+02
-2.772300000000000182e+02
-2.942500000000000000e+02
-3.112699999999999818e+02
-3.282900000000000205e+02
-3.453100000000000023e+02
-3.623299999999999841e+02
-3.793500000000000227e+02
-3.963799999999999955e+02
-4.133999999999999773e+02
-4.304200000000000159e+02
-4.474399999999999977e+02
-4.644599999999999795e+02
-4.814800000000000182e+02
-4.985000000000000000e+02
1.950079999999999927e+03
1.950079999999999927e+03
1.949980000000000018e+03
1.949980000000000018e+03
0.000000000000000000e+00
0.000000000000000000e+00
